.Random.seed <-
c(403L, 555L, 1224714923L, -244100962L, 1413327820L, 2072479759L, 
313692997L, -332522212L, -348110784L, -607841762L, -602836266L, 
-1417966576L, 2019907018L, -2000298641L, 1617964879L, -1556670079L, 
1045082635L, 1512779146L, -1993122129L, 361589211L, 501693377L, 
822322524L, -146961246L, 2109881404L, -283400632L, -1268544327L, 
-859979665L, -1749102049L, -1959694664L, 535245708L, -862712857L, 
-301549749L, -846455659L, -185784089L, -620292391L, -1726651947L, 
1651007482L, 163262350L, 774915316L, 928817182L, 1006697076L, 
-1426640980L, 1692133851L, 721289879L, 1324987578L, 1819980501L, 
-691620397L, -1347743404L, 1608532212L, 269184237L, -2045422339L, 
-2025941711L, 1122144237L, -117838565L, -1559395402L, -573568352L, 
1073613129L, 379182731L, -13194641L, -117301236L, -204470753L, 
2057017994L, 1572837687L, 951125046L, -715720469L, 903042933L, 
2104540722L, -2061124754L, 314266008L, -49406370L, -1365694254L, 
734439427L, 1682021730L, 608622457L, -8308601L, 1366877123L, 
-1567330472L, 1560735667L, 1302390225L, 459470590L, -34652993L, 
-85172402L, -1104198813L, 1469542024L, 443076889L, 739851048L, 
1308180903L, -1975446097L, 772821374L, -669931997L, 1754409632L, 
963155873L, -578062751L, -663119235L, -869036336L, 413603129L, 
-2126651035L, 196016722L, 1200652208L, 85370315L, 511049830L, 
1624933594L, 360435225L, -1955986155L, 1410417218L, -1443485371L, 
-1387573006L, -1722873753L, 187839729L, 635396181L, -1487992165L, 
590032780L, 810190935L, -413387152L, 1571248776L, -976388287L, 
1772087660L, -671523782L, -1930640428L, -9752219L, -1270750263L, 
747695506L, -1170424094L, -984111262L, 265547281L, -622630340L, 
-1519032830L, 1251697783L, 547086222L, 945948431L, 137927197L, 
1474810165L, -2063383063L, -2030103359L, -140487562L, 1870122358L, 
1867670591L, -1556207839L, 664721271L, -566724563L, 1540486539L, 
-1789327315L, 1846555423L, -51481697L, 1381358024L, 543671134L, 
-39704119L, -1187059114L, 853382891L, -1993689041L, -1016734360L, 
-663610907L, 8799256L, -1757086304L, 789938261L, 44818913L, -395796218L, 
623398510L, -1119833554L, 2147430951L, 1485703954L, 1699783598L, 
1585746537L, 474693466L, -774189874L, 1132466473L, 1419838701L, 
1516578522L, -1168006349L, -678928851L, -65690544L, 39764997L, 
-1827741836L, 1708959269L, 79027785L, -1687984443L, 1186315278L, 
-1852045904L, 932184199L, -2121820550L, -613727273L, 652109376L, 
-1429992063L, -376319341L, -345568747L, -1033072373L, 1159540704L, 
1907363889L, 614555654L, 1119480694L, 1618165724L, -351097150L, 
-232670436L, 1290987454L, -316475477L, -735424430L, 715178008L, 
393025263L, 507174313L, -623842973L, -1409939321L, 405871756L, 
772672912L, -1199396503L, 106218221L, -1392344656L, 1469860247L, 
1344079012L, 1716904931L, -1551830683L, -286551626L, 211715953L, 
-1996864540L, 1002754528L, 158152104L, -1382853286L, -384460696L, 
-1570941097L, 1523362643L, 1746100142L, -107698086L, -545503253L, 
2129804950L, 202329704L, -1649268362L, -925332535L, -1983571503L, 
-1437833232L, -1118748020L, -804594202L, 1616676224L, -1792078653L, 
716006586L, -2036312453L, -279561553L, 1375032073L, 909263502L, 
-390994205L, 559106287L, 1173136175L, 130063809L, 2097242729L, 
-667528193L, -455914179L, -1382643774L, -1162259755L, 1195626307L, 
1610987998L, 2137471946L, 1775717971L, 1830980782L, 703543853L, 
93865820L, 1513106912L, -1778233133L, -1861353192L, -127232189L, 
-1916821603L, -116588463L, -1898757891L, -960822086L, 779912016L, 
-2023409504L, -707676844L, 1979928717L, -2145892320L, 2120530136L, 
-1085693403L, 397701628L, 1084781023L, -1336290581L, -823660197L, 
2142383250L, 796476433L, 1999488964L, -1347092831L, -685709181L, 
195462928L, 2082281435L, -1673770117L, -1193281719L, 1004675671L, 
-155345268L, 1620597297L, -1815982951L, -837377373L, -232836707L, 
577202152L, 152985119L, 1129747506L, -578273512L, 1160900254L, 
126209805L, -22320640L, 1167086748L, 395300548L, 1849435831L, 
900080576L, 430575596L, -1110878704L, 2066664613L, -775222082L, 
159125379L, -124887897L, -435928175L, 1242481739L, 2145981097L, 
1240758702L, -1338325433L, 586807729L, 1172208759L, 722379234L, 
-302206318L, -2069435366L, -419791386L, -301380163L, -1725652012L, 
-1159195054L, 2101709425L, 1137366913L, 827425516L, -1322086320L, 
1354670441L, -1694128221L, -1321111076L, 1103413190L, -661857860L, 
-251031454L, 1719588762L, 1732979371L, 1789392555L, 1808467414L, 
-846008110L, -862351436L, -1106534150L, 1187429665L, -2130112700L, 
714541764L, 1200075797L, 1067285341L, 95883638L, 487518130L, 
-752258513L, -997513454L, 117303907L, -1261404135L, -488054174L, 
2084306350L, -850412200L, -1301208309L, -741726100L, 202536822L, 
-62350533L, 1887174856L, 491285112L, 244957077L, 1705160571L, 
221331718L, -95600439L, -1088449164L, 806542783L, 199146650L, 
-1308604964L, -2050163005L, 492960473L, 1472618699L, -1856965460L, 
505466692L, -1073433791L, 1027680343L, 83624825L, -169370475L, 
-1569161046L, 2052839300L, 640511304L, -747294028L, -320328946L, 
158335045L, -769101469L, -1625240186L, -2039457189L, 1843140368L, 
1974909505L, 828067256L, -2118379840L, -1240309148L, 924370033L, 
-1410673843L, 1406466360L, 1716949072L, 1328641765L, -560528849L, 
2146267159L, 1699910587L, 569982333L, -971600740L, -1818536325L, 
750053878L, 1708373604L, 276979105L, -1197631471L, 1789814475L, 
423471891L, -6413213L, 262383210L, -1172857094L, 746598123L, 
-2109975028L, -552051636L, -1837082932L, -1332084860L, -1410969661L, 
-1439727694L, 1957591556L, 2114514862L, 331096775L, 2065002580L, 
-360223820L, -509243113L, 1343181021L, 1128014725L, -1505563027L, 
-1445025056L, -852349537L, 395687714L, -127230980L, -1536123105L, 
702472175L, 1934572381L, 474993133L, 1505600816L, 1960937817L, 
2013867976L, -75922994L, 451892129L, 1114744636L, 2045177591L, 
879075072L, 1586555475L, -365888974L, 404675288L, 1450881306L, 
-1019980432L, 14465042L, -1603583251L, -1035338473L, -301977290L, 
1792151961L, -427599978L, -1201954082L, 484890000L, 2015391434L, 
823636187L, 1329252368L, 1940924251L, -225008893L, -885190698L, 
1710336612L, 1973147739L, -1923615110L, -1679600771L, -1875307078L, 
320995994L, 548483800L, -1435529568L, -596201546L, 1092384065L, 
1723640846L, -1671215554L, 272643725L, 509612330L, -846113811L, 
1985527709L, 453232763L, 2064612680L, 1483203168L, 442199826L, 
128992605L, -220269654L, -552022025L, -1886837566L, 1823218412L, 
1468919829L, 507548111L, 921277518L, -224742024L, 1258720668L, 
-1267357967L, 1475388065L, -1481263486L, -1391709631L, 787234506L, 
-289044314L, -1166844507L, 1898000335L, -68065285L, -1161714912L, 
-1334441780L, 645913317L, -165245821L, 2037393385L, -566841782L, 
2003514618L, -822581506L, 1733068449L, -1323976388L, 1388254777L, 
-657983465L, -1340339242L, 1222917066L, 948295481L, -1631379838L, 
183305436L, 1745229338L, 1369344466L, -1224455558L, 1632695736L, 
2013285571L, -1392111033L, -686981773L, 455452848L, -239705149L, 
-487248443L, 128300480L, 1745583848L, 651581696L, -1203465142L, 
25037403L, 1131452725L, -1403933986L, 554272492L, 1753068988L, 
941757575L, -63126130L, -468448776L, -523927803L, -768541364L, 
-1402365506L, -1841921129L, -1872735294L, 175213030L, -1135122634L, 
-54635256L, -14803966L, -532336862L, -959162511L, 2074397182L, 
514704299L, 444346509L, -1562987799L, -1355860706L, 1673962652L, 
1084796655L, 678191083L, -1611387430L, 505406972L, -1196119428L, 
295414042L, -922074560L, 2096370694L, -198309164L, 1664629492L, 
-567899905L, -71508143L, 46124943L, 1707631553L, 1677984316L, 
1244914048L, -3729952L, -716584168L, -1368159640L, 1329977794L, 
1915437488L, -1608185L, 1309862701L, 1781982498L, -553287198L, 
-262276901L, 59328448L, 833921493L, -914112487L, -1488166717L, 
1915275464L, -1391408754L, 515799942L, -1891567802L, 2085550765L, 
462741353L, 1896945453L, -1300930424L, -1534574108L, -2058516732L, 
784932401L, 939304231L, -1363472132L, 1572475480L, 266643992L, 
554319764L, -303404721L, -925882061L, 478561967L, -690180637L, 
-393298414L, -2020293725L, -1081205251L, -94337677L, 1065432640L, 
